f1: 0.8351426455783286,	 a: 0.5189873417721519,	 ap:0.7820599658628669 
              precision    recall  f1-score   support

           0       0.86      0.73      0.79       172
           1       0.90      0.91      0.91       287
           2       0.83      0.86      0.85       211
           3       0.67      0.67      0.67       105
           4       0.96      0.98      0.97       310

   micro avg       0.88      0.87      0.87      1085
   macro avg       0.84      0.83      0.84      1085
weighted avg       0.88      0.87      0.87      1085
 samples avg       0.88      0.88      0.86      1085
