f1: 0.7772134602231736,	 a: 0.46329113924050636,	 ap:0.7349547421647736 
              precision    recall  f1-score   support

           0       0.82      0.80      0.81       172
           1       0.92      0.91      0.91       287
           2       0.85      0.85      0.85       211
           3       0.54      0.31      0.40       105
           4       0.88      0.95      0.92       310

   micro avg       0.86      0.84      0.85      1085
   macro avg       0.80      0.77      0.78      1085
weighted avg       0.84      0.84      0.84      1085
 samples avg       0.87      0.85      0.84      1085
