f1: 0.8439571426690178,	 a: 0.5113924050632911,	 ap:0.797843259461626 
              precision    recall  f1-score   support

           0       0.97      0.67      0.79       172
           1       0.92      0.95      0.93       287
           2       0.91      0.89      0.90       211
           3       0.56      0.72      0.63       105
           4       0.94      0.98      0.96       310

   micro avg       0.88      0.88      0.88      1085
   macro avg       0.86      0.84      0.84      1085
weighted avg       0.90      0.88      0.88      1085
 samples avg       0.89      0.88      0.87      1085
