f1: 0.6819028982301292,	 a: 0.34430379746835443,	 ap:0.6870881835037658 
              precision    recall  f1-score   support

           0       0.75      0.85      0.80       172
           1       0.91      0.87      0.89       287
           2       0.85      0.83      0.84       211
           3       0.00      0.00      0.00       105
           4       0.78      1.00      0.88       310

   micro avg       0.82      0.81      0.82      1085
   macro avg       0.66      0.71      0.68      1085
weighted avg       0.75      0.81      0.78      1085
 samples avg       0.82      0.84      0.81      1085
