f1: 0.8871553896262858,	 a: 0.6354430379746835,	 ap:0.8448516068679327 
              precision    recall  f1-score   support

           0       0.90      0.83      0.86       172
           1       0.96      0.95      0.96       287
           2       0.91      0.92      0.92       211
           3       0.77      0.70      0.73       105
           4       0.96      0.98      0.97       310

   micro avg       0.93      0.91      0.92      1085
   macro avg       0.90      0.88      0.89      1085
weighted avg       0.92      0.91      0.92      1085
 samples avg       0.93      0.91      0.91      1085
