f1: 0.7788906696579143,	 a: 0.3620253164556962,	 ap:0.7298478719324766 
              precision    recall  f1-score   support

           0       0.74      0.69      0.71       172
           1       0.90      0.87      0.89       287
           2       0.83      0.88      0.86       211
           3       0.55      0.53      0.54       105
           4       0.93      0.86      0.90       310

   micro avg       0.84      0.81      0.82      1085
   macro avg       0.79      0.77      0.78      1085
weighted avg       0.84      0.81      0.82      1085
 samples avg       0.84      0.82      0.81      1085
