f1: 0.8895535882410824,	 a: 0.6430379746835443,	 ap:0.8474812728071474 
              precision    recall  f1-score   support

           0       0.90      0.82      0.86       172
           1       0.96      0.93      0.94       287
           2       0.88      0.93      0.91       211
           3       0.79      0.73      0.76       105
           4       0.98      0.98      0.98       310

   micro avg       0.92      0.91      0.92      1085
   macro avg       0.90      0.88      0.89      1085
weighted avg       0.92      0.91      0.92      1085
 samples avg       0.93      0.92      0.91      1085
